NEXT_PUBLIC_CONTRACT_ADDRESS=0x0874571bAfe20fC5F36759d3DD3A6AD44e428250
NEXT_PUBLIC_MARKETPLACE_ADDRESS=0x46e12242aEa85a1fa2EA5C769cd600fA64A434C6
NEXT_PUBLIC_IDENTITY_HEDERA_ID=0.0.7992394
NEXT_PUBLIC_MARKETPLACE_HEDERA_ID=0.0.7992397
NEXT_PUBLIC_ACTIVITY_API=/api/proxy
